695.0 459.0
191.0 293.0
779.0 638.0
523.0 309.0
478.0 779.0
368.0 311.0
643.0 456.0
709.0 316.0
359.0 337.0
462.0 550.0
158.0 460.0
427.0 213.0
439.0 817.0
380.0 607.0
256.0 323.0
618.0 185.0
521.0 307.0
492.0 431.0
636.0 495.0
713.0 507.0
666.0 600.0
549.0 260.0
584.0 206.0
815.0 178.0
744.0 778.0
169.0 546.0
837.0 455.0
564.0 383.0
506.0 780.0
156.0 231.0
595.0 265.0
152.0 377.0
609.0 221.0
279.0 349.0
484.0 805.0
582.0 483.0
548.0 767.0
290.0 292.0
345.0 674.0
842.0 809.0
381.0 546.0
810.0 246.0
235.0 684.0
651.0 769.0
749.0 497.0
727.0 232.0
587.0 420.0
573.0 317.0
259.0 653.0
494.0 368.0
